597069808576794000
597569409033592000
597945034802073000
599704709247737000
487931987865657000
518929582683344000
554859127470821000
496398042577502000
557412940190851000
468433491534024000
471149848100892000
471150682691887000
439932019121086000
531065726061514000
598913355227758000
388802191160397000
539767137070374000
585163260023988000
616047571677655000
535395695587762000
573474860783005000
493451273568788000
610435906076590000
556120958122344000
361664744177942000
538887578230198000
538939562807283000
372865654069932000
613027914892886000
498277165893697000
586831938058641000
500075736972029000
428686974409383000
517402732240850000
489984853170196000
600084909680627000
486887376103698000
497405275775983000
390468394236911000
384835002674208000
500049470760185000
451865881669554000
595697886215680000
492684169710141000
553832378947608000
362646935070453000
437459728382177000
601921065590329000
526513197885714000
575684009197350000
575813514641571000
500390512290197000
500637172819841000
516349426940792000
556293276098379000
481095943140696000
490695090357428000
376207322777137000
424716695119626000
474095300177846000
491394801791959000
512423701028306000
506894440657866000
375255919413567000
408432181741387000
521879724998811000
379380395692662000
497893003214983000
368195219499388000
490938438074376000
490037934683598000
581653570665246000
491760667117240000
505799565677973000
466682320335167000
507683813150175000
561213055246536000
412700308956250000
404309972982693000
415652078284197000
415652234824024000
390162487297208000
489641904062341000
540082414387994000
546036308066709000
494456039236857000
497781592358916000
498226247026352000
492513257601511000
506941930782334000
506942404130521000
511385933539999000
426495488129388000
444463880635686000
455458691832369000
569670933792874000
408107196585869000
408466941079453000
426465487870902000
427393125485924000
427607790715023000
427631641553420000
429947945551527000
429986809536598000
430956483904151000
431132463860314000
431627888777912000
431647091270483000
433720108234833000
434891906720350000
434908740283031000
435025432782442000
437587529311993000
438118782947430000
439577183774720000
440194965654622000
440983069525159000
442097339394555000
451878262042796000
452463899413991000
452787857812242000
452880425757589000
464374522767237000
464943319857242000
466372429510881000
528595610493284000
528714312635150000
563683135372939000
566936916114026000
570380788249841000
570418432379887000
571158545007321000
571583817443643000
583953383536644000
589751760027287000
602051202478649000
370954490817421000
521093888803876000
443778896996347000
532666982542639000
532775598675206000
552647300104065000
585504818208313000
493977438859563000
499553305442676000
497443729943580000
416608507635318000
532716074509537000
465324696276598000
491797965321687000
498276906744430000
484960979243917000
580406883778990000
601729712348635000
445229077767913000
385538909754494000
403131293300318000
431225831004704000
430289968330588000
352447030808952000
504088641866842000
504997096840515000
397002820441759000
491969651388076000
478012594729791000
441280780267184000
458258867739451000
557905610730385000
593952250055237000
359156124546629000
534526659958145000
502346364677021000
521783812909309000
551924115414999000
514184143052484000
502123817960210000
588183797906198000
588511839757139000
460926252707483000
415370597263089000
495310274795409000
604316910545690000
531180260801642000
356761909153902000
562900210872233000
615709024538001000
359508012626489000
399761962508500000
571788569100075000
562658386714828000
532467493731041000
363366780992892000
504504438066008000
504840182492041000
505183304187129000
574445049750159000
408125728715468000
439579914355081000
355348557781405000
503010447130652000
550912212978905000
503936868665540000
581144117624848000
557630734224326000
496120738932604000
445958809731989000
378314762586959000
572629403726958000
586549232783515000
441970665940606000
502165041932931000
554113964448432000
508791037331263000
586513716797124000
489841142717239000
563536484989665000
568138881096290000
499711395660062000
532299696287789000
586602229274116000
489981969535881000
455044983763267000
491105402508283000
558463179215622000
569362889431244000
569364314987106000
521428667051036000
497191675283132000
500793399524749000
572399390943543000
500702005820932000
556571575802421000
532707426941009000
413465211245703000
593827475051945000
593834774634078000
505229894243336000
505950117661519000
509749817174941000
558100872966995000
558133773565693000
560265486949416000
487277866158424000
487980784150929000
500135292041703000
596873575988121000
497851206774300000
558513989186244000
537350790982422000
546038333517074000
427508526853128000
549727130041733000
535845669077270000
492444864181993000
396006530727673000
495711621508247000
498314496386293000
503707149181399000
493254750369243000
578910855271608000
578966245761941000
578969901970251000
488192203861147000
428692371661135000
442501707667234000
531246830315905000
486123079979249000
509711792546013000
512246770731323000
516955046047924000
522030476501200000
570748870952665000
563051014988005000
445035513201053000
563160625623203000
352420483968417000
526149800740519000
503413876739031000
491801364784111000
576925022163456000
576925281535074000
405352305849286000
452080061491843000
602868527129862000
572654286280081000
470025849451077000
575150010553106000
373269202498375000
496804604991258000
532224800094453000
507152759159013000
537276265011888000
581077674652647000
501471484175728000
513858548426870000
404337111748599000
363834350942437000
491314660117737000
547544782772649000
504813330557861000
501033229445758000
515699192027947000
553577272029229000
595997815433723000
614446463070928000
552655759570640000
554557277173465000
555558064745881000
524035156378923000
551071175309549000
493504488502992000
493895259278311000
574635154548899000
498503830636888000
582928694274052000
583349079389929000
567071540773396000
435557998123970000
501490251542827000
434169328523436000
592770936589447000
499002715771785000
504072722675408000
552857654776061000
558386498568216000
560108688976121000
563222727348461000
568418013738893000
575623687778529000
503020552760881000
403310315556712000
514424661271392000
497245653207384000
499768957273116000
557240743887405000
498904462023741000
556295299896205000
397511033742319000
545110997372252000
456811419980136000
534482096614834000
612420197249601000
372688635008933000
473320366124044000
474754217627099000
554535193168846000
356039264468865000
544752673254555000
359874499342110000
386228051387752000
392491041485758000
591403485016563000
379668728793034000
601865348204212000
366308999131430000
434386822656172000
368504336952745000
370743778337763000
512994057594077000
516757147070500000
616123560084566000
569342920291184000
501693625831817000
504093272533647000
497170753545334000
526568644139319000
594271226803015000
491783978928451000
489563620293246000
462008370028105000
463444077027938000
488429318117543000
510055196140240000
615936026691915000
611043649070198000
364240629078818000
364251784543342000
364269555360608000
364269720905588000
364281617927241000
365271154795094000
365272157967769000
365276655717068000
365295624071024000
489933544169283000
496130072597000000
389924263488421000
390105780927877000
359016470829088000
485111057560530000
545413188087726000
497479506186493000
399663746953781000
491751866422681000
588021075369406000
588396552030445000
588843401761652000
602879567792078000
615283890568228000
615296021166489000
615925763137753000
450259978105159000
428729196513615000
610145096370135000
492404924806733000
492405454748663000
492677088076242000
509692002653724000
502288181975584000
503590384120135000
505207253830750000
515347916119367000
532608365693005000
532608436622872000
482831503832141000
513794475144249000
489412789606555000
492497290095886000
440528163659997000
495202995576254000
352669634681503000
353250173318729000
503536280131891000
504661751636717000
525279395716825000
444904524340551000
567009866511036000
453280596685377000
455470380187017000
572801868310716000
498593492957147000
512665330636689000
505881454690447000
506989448773791000
414030527767658000
414030993771597000
414961099163717000
415966509299924000
603254783345065000
432641229688680000
491344093390192000
366041473432563000
414503805775265000
375602362528067000
468198936222900000
485578363562504000
507994120338825000
596366303151181000
608869195628048000
603926047491522000
353275216463540000
533321707042639000
565595200719179000
375611510820990000
380751565729959000
387922426262454000
387963067793178000
388644853208604000
435620551587930000
554083169549701000
431327766592888000
431328128225792000
397893718872576000
616026030130728000
495638866901368000
563132479780163000
562420807813857000
489575393163481000
514880274912780000
514949344806862000
536627647225561000
551154834318311000
458741657132077000
511914314350215000
440531389747056000
506198089246703000
539234672866525000
572569260746252000
450424044152569000
449913203846578000
514547054706982000
363025074644717000
515129776097755000
503438945573957000
541755165879980000
574069597063790000
433796989386772000
437012235592818000
495297924499529000
548268348514258000
413519975992000000
571200540086013000
368915333169414000
372909908154257000
509195912913362000
486252600204226000
488499052196016000
489890092337467000
504860338828111000
543603324667564000
562304273967759000
615579640753713000
612800483690971000
529806208837107000
574740916730134000
498999615124148000
505466465152430000
505483674541096000
430600546597093000
574951365476122000
503494839531745000
503499571683930000
488906967273201000
561922559697252000
550411528185589000
550509805836959000
568074581828894000
520389108972408000
489566133478227000
611618421365587000
602161262416502000
576864055039778000
579514862830796000
526063716522287000
488372221341990000
457191387117539000
375092816587669000
534710719187812000
403824012402257000
571128814614540000
571700238123069000
547683089280143000
564191388347400000
538049977952763000
434117301466435000
397097946074083000
570917897083756000
529828067196534000
538097676941008000
533131638063235000
590205305327321000
487819022419775000
497106192863608000
469454176246710000
479650630009913000
613137859185348000
503008753252564000
488218363827875000
543249118823346000
537653349781622000
588446082067144000
610555389269123000
525494790319013000
452108575913955000
541991994588160000
489825243532644000
612296253125304000
580616135030272000
612824557997703000
550735935177248000
547122022510510000
552922713883693000
552956161566441000
491292631339900000
489586020758061000
568127711975231000
560310314663948000
588487153434275000
496695063419047000
515546636714786000
552759110991876000
521049952634810000
532315067342024000
532695672747986000
592796215382822000
573006442019606000
573298753114923000
566612967513653000
556586322853658000
579718789626916000
489159609727193000
489159868981338000
591054102085373000
615714402281607000
575874163870679000
556682584454074000
557795106728992000
567199549333458000
567102566883155000
570399990285246000
576962348830830000
536745241391685000
542564992974061000
562252946340319000
521330179327950000
590234665904050000
590283998984798000
539767756267462000
541887416181989000
543629329515970000
589257849538220000
552266159186530000
604678727725780000
583250169900171000
584852598915780000
585507227236184000
589662905647398000
586682592633757000
592517249702895000
