446703936 488032805 565825664
446703936 488032805 636475008
446703936 488032805 914919426
446703936 488032805 981316459
446703936 488032805 423829895
446703936 488032805 1966550024
446703936 488032805 98288395
446703936 488032805 469857678
446703936 488032805 1015590925
446703936 488032805 1274269710
446703936 488032805 220082832
446703936 488032805 525979025
446703936 488032805 552025874
446703936 488032805 498005507
446703936 488032805 512705044
446703936 488032805 465925781
446703936 488032805 522656150
446703936 488032805 499875609
446703936 488032805 169908888
446703936 488032805 450136473
446703936 488032805 1255090074
446703936 488032805 498574109
446703936 488032805 620449682
446703936 488032805 333033057
446703936 488032805 470474672
446703936 488032805 1042679202
446703936 488032805 552243491
446703936 488032805 715377444
446703936 488032805 981558470
446703936 488032805 163603976
446703936 488032805 513472551
446703936 488032805 485150248
446703936 488032805 55923497
446703936 488032805 913848618
446703936 488032805 142564523
446703936 488032805 629990064
446703936 488032805 608772903
446703936 488032805 511337266
446703936 488032805 326437046
446703936 488032805 760329144
446703936 488032805 385632826
446703936 488032805 594159675
446703936 488032805 1622109626
446703936 488032805 367531563
446703936 488032805 2456421573
446703936 488032805 1688927324
446703936 488032805 844423393
446703936 488032805 1451743897
446703936 488032805 369431497
446703936 488032805 371525495
446703936 488032805 1036431948
446703936 488032805 606506789
446703936 488032805 1099544911
446703936 488032805 54628265
446703936 488032805 574808147
446703936 488032805 2349532302
446703936 488032805 915904854
446703936 488032805 1663791319
446703936 488032805 1053611172
446703936 488032805 361006298
446703936 488032805 1007709403
446703936 488032805 952415196
446703936 488032805 2235212593
446703936 488032805 2194405983
446703936 488032805 67807585
446703936 488032805 463355138
446703936 488032805 1534506811
446703936 488032805 1035147044
446703936 488032805 478802791
446703936 488032805 190507559
446703936 488032805 842950951
446703936 488032805 69369069
446703936 488032805 380146030
446703936 488032805 458719985
446703936 488032805 2266265842
446703936 488032805 102880115
446703936 488032805 896479477
446703936 488032805 2416660598
446703936 488032805 305387113
446703936 488032805 20291704
446703936 488032805 142858105
446703936 488032805 217551739
446703936 488032805 1031643260
446703936 488032805 2359975549
446703936 488032805 904820606
16078257 27970716 144701081
16078257 27970716 411661959
16078257 27970716 43158120
16078257 27970716 241742453
16078257 27970716 57213267
16078257 27970716 56503317
16078257 27970716 62895511
16078257 27970716 630173720
16078257 27970716 88583033
16078257 27970716 93013439
16078257 27970716 146555827
16078257 27970716 16907839
204505963 702174332 407387650
204505963 702174332 501958160
204505963 702174332 2725941287
204505963 702174332 713639469
204505963 702174332 1944255025
204505963 702174332 1708091448
204505963 702174332 790447682
204505963 702174332 500269128
204505963 702174332 604257362
204505963 702174332 452445782
204505963 702174332 1544742500
204505963 702174332 2183065187
204505963 702174332 2392438372
204505963 702174332 1957696614
204505963 702174332 387317873
204505963 702174332 631677559
204505963 702174332 2780625016
204505963 702174332 2251367040
204505963 702174332 2522594954
204505963 702174332 570436235
204505963 702174332 2297685135
204505963 702174332 2428074437
204505963 702174332 108739744
204505963 702174332 385163206
204505963 702174332 257531561
204505963 702174332 435411116
204505963 702174332 2180955827
204505963 702174332 1217451715
204505963 702174332 868166857
204505963 702174332 1643342540
204505963 702174332 2852837110
204505963 702174332 630653139
204505963 702174332 260224728
204505963 702174332 349790955
204505963 702174332 1447240945
204505963 702174332 1918191858
204505963 702174332 35006196
204505963 702174332 379303158
204505963 702174332 629822761
204505963 702174332 1489111800
204505963 702174332 2513775744
204505963 702174332 714701058
204505963 702174332 1084039639
204505963 702174332 598842131
204505963 702174332 524774676
204505963 702174332 1697352474
204505963 702174332 397691696
204505963 702174332 745746216
204505963 702174332 2421293353
204505963 702174332 1064749357
204505963 702174332 1686252846
204505963 702174332 3032998192
204505963 702174332 1855221553
204505963 702174332 979502900
204505963 702174332 744253236
204505963 702174332 1210395458
204505963 702174332 623368524
204505963 702174332 591926606
204505963 702174332 1115341652
204505963 702174332 1203016026
204505963 702174332 404457824
204505963 702174332 883274598
204505963 702174332 195906928
204505963 702174332 587010419
204505963 702174332 330411395
204505963 702174332 1963752324
204505963 702174332 626231697
204505963 702174332 495488923
204505963 702174332 867323294
204505963 702174332 809620393
204505963 702174332 620460970
204505963 702174332 585771506
204505963 702174332 450288046
204505963 702174332 900664734
204505963 702174332 1343254970
204505963 702174332 2450693565
204505963 702174332 2725549216
204505963 702174332 2240889797
204505963 702174332 1651843526
204505963 702174332 1201978314
204505963 702174332 546405324
204505963 702174332 1332619734
204505963 702174332 626155479
204505963 702174332 1491190248
204505963 702174332 323831275
204505963 702174332 622902254
204505963 702174332 610890738
204505963 702174332 2612828150
204505963 702174332 541236730
204505963 702174332 338749436
204505963 702174332 624168445
397386925 149730039 423754497
397386925 149730039 499506562
397386925 149730039 405335467
397386925 149730039 358262280
397386925 149730039 293263081
397386925 149730039 243682059
397386925 149730039 30802729
397386925 149730039 2278515342
397386925 149730039 424461039
397386925 149730039 2258633613
397386925 149730039 864764978
397386925 149730039 344298963
397386925 149730039 413640873
397386925 149730039 2668459511
397386925 149730039 366983544
397386925 149730039 226407481
397386925 149730039 344507675
397386925 149730039 271098812
397386925 149730039 2322869181
397386925 149730039 483350686
216915562 593259038 322559864
216915562 593259038 322197993
1063964017 258957310 933243858
1063964017 258957310 1518239424
1063964017 258957310 509234690
1063964017 258957310 528007787
1063964017 258957310 1198666884
1063964017 258957310 2866563975
1063964017 258957310 486077832
1063964017 258957310 414731283
1063964017 258957310 737527214
1063964017 258957310 706272793
1063964017 258957310 846273690
1063964017 258957310 558183707
1063964017 258957310 578521628
1063964017 258957310 492719258
1063964017 258957310 878031518
1063964017 258957310 1099189412
1063964017 258957310 564205486
1063964017 258957310 499502378
1063964017 258957310 629777235
1063964017 258957310 1051368876
1063964017 258957310 1682330797
1063964017 258957310 956523566
1063964017 258957310 518914223
1063964017 258957310 1078107824
1063964017 258957310 1855221553
1063964017 258957310 617763635
1063964017 258957310 962890676
1063964017 258957310 616466741
1063964017 258957310 552249526
1063964017 258957310 1600256695
1063964017 258957310 1051785272
1063964017 258957310 1215653690
1063964017 258957310 1593510206
1063964017 258957310 1510530624
1063964017 258957310 629892417
1063964017 258957310 517124034
1063964017 258957310 406012230
1063964017 258957310 553409223
1063964017 258957310 868166857
1063964017 258957310 612155575
1063964017 258957310 624128335
1063964017 258957310 384487504
1063964017 258957310 2869742162
1063964017 258957310 2949928403
1063964017 258957310 1368037332
1063964017 258957310 2174933943
1063964017 258957310 611399376
1063964017 258957310 1041185118
1063964017 258957310 2826570849
1063964017 258957310 574738021
1063964017 258957310 858764006
1063964017 258957310 894396318
1063964017 258957310 340585450
1063964017 258957310 1255832683
1063964017 258957310 416356077
1063964017 258957310 1316912622
1063964017 258957310 627085167
1063964017 258957310 1238046578
1063964017 258957310 2177295251
1063964017 258957310 1103821687
1063964017 258957310 739670904
1063964017 258957310 552762196
1063964017 258957310 548092284
1063964017 258957310 969225853
597879076 1387582820 630840838
597879076 1387582820 564547082
597879076 1387582820 1099343106
597879076 1387582820 266205198
597879076 1387582820 2809459215
597879076 1387582820 953928224
597879076 1387582820 2208303137
597879076 1387582820 874674210
597879076 1387582820 1613055014
597879076 1387582820 583728679
597879076 1387582820 319343658
597879076 1387582820 1013719602
597879076 1387582820 132406324
597879076 1387582820 750700086
597879076 1387582820 2956826679
597879076 1387582820 940186177
597879076 1387582820 525474371
597879076 1387582820 1627098180
597879076 1387582820 527813705
597879076 1387582820 345561169
597879076 1387582820 448570450
597879076 1387582820 412393560
597879076 1387582820 1170793050
597879076 1387582820 295519759
597879076 1387582820 2264809568
597879076 1387582820 2224371598
597879076 1387582820 2380940396
597879076 1387582820 944730223
597879076 1387582820 1232801910
597879076 1387582820 733709443
597879076 1387582820 896221320
597879076 1387582820 1355595372
597879076 1387582820 2757237401
597879076 1387582820 343673517
597879076 1387582820 322430638
597879076 1387582820 471502518
597879076 1387582820 710481080
597879076 1387582820 2499278017
597879076 1387582820 475003587
597879076 1387582820 434060997
597879076 1387582820 513276614
597879076 1387582820 442800930
597879076 1387582820 602457809
597879076 1387582820 446829778
597879076 1387582820 206735576
597879076 1387582820 430840544
597879076 1387582820 575838436
597879076 1387582820 401798886
597879076 1387582820 426278120
597879076 1387582820 542055156
597879076 1387582820 754428150
597879076 1387582820 346908921
597879076 1387582820 316034811
597879076 1387582820 458714880
597879076 1387582820 456253698
597879076 1387582820 588581639
597879076 1387582820 944742152
597879076 1387582820 422125833
597879076 1387582820 48772376
597879076 1387582820 417329442
597879076 1387582820 492220708
597879076 1387582820 239941925
597879076 1387582820 1129703720
597879076 1387582820 2771935019
597879076 1387582820 874018092
597879076 1387582820 497708594
597879076 1387582820 405785406
597879076 1387582820 297099583
597879076 1387582820 970503498
597879076 1387582820 2268099925
597879076 1387582820 369230174
597879076 1387582820 190638943
597879076 1387582820 320495975
597879076 1387582820 1576514412
597879076 1387582820 763923823
597879076 1387582820 428466043
597879076 1387582820 168019325
597879076 1387582820 25419649
597879076 1387582820 1093363586
597879076 1387582820 313660811
597879076 1387582820 519623053
597879076 1387582820 1388034446
597879076 1387582820 2949481539
597879076 1387582820 917791675
597879076 1387582820 578121152
597879076 1387582820 615413697
597879076 1387582820 1431947720
597879076 1387582820 428624331
597879076 1387582820 327525842
597879076 1387582820 197150676
597879076 1387582820 3105319906
597879076 1387582820 543585254
597879076 1387582820 417502191
597879076 1387582820 623343088
597879076 1387582820 608330739
597879076 1387582820 345559028
597879076 1387582820 301159927
430165833 2409921199 445107456
430165833 2409921199 321695746
430165833 2409921199 1576457221
430165833 2409921199 581359625
430165833 2409921199 1578820622
430165833 2409921199 563232346
430165833 2409921199 379535904
430165833 2409921199 794559523
430165833 2409921199 551295524
430165833 2409921199 1136308782
430165833 2409921199 37806140
430165833 2409921199 381244482
430165833 2409921199 623988804
430165833 2409921199 1105018442
430165833 2409921199 634102864
430165833 2409921199 550550618
430165833 2409921199 408035426
430165833 2409921199 1460935268
430165833 2409921199 323583164
430165833 2409921199 3083041900
430165833 2409921199 506478525
430165833 2409921199 741870194
430165833 2409921199 186176115
430165833 2409921199 734138815
430165833 2409921199 855441020
430165833 2409921199 367549291
430165833 2409921199 356545157
430165833 2409921199 524901484
430165833 2409921199 862215307
430165833 2409921199 32073370
430165833 2409921199 554639471
430165833 2409921199 336950952
430165833 2409921199 706164396
430165833 2409921199 414780597
430165833 2409921199 269416820
430165833 2409921199 447195834
430165833 2409921199 833458364
430165833 2409921199 19123917
430165833 2409921199 93093584
430165833 2409921199 2873282769
430165833 2409921199 548047065
430165833 2409921199 961161438
430165833 2409921199 579522273
430165833 2409921199 848248956
430165833 2409921199 631360234
430165833 2409921199 1409140975
430165833 2409921199 448040403
430165833 2409921199 346990377
430165833 2409921199 324634361
430165833 2409921199 901044990
430165833 2409921199 519013120
430165833 2409921199 446365953
430165833 2409921199 713068802
430165833 2409921199 418308874
430165833 2409921199 1222989086
430165833 2409921199 1563090210
430165833 2409921199 519472419
430165833 2409921199 78757161
430165833 2409921199 566539568
430165833 2409921199 358742339
430165833 2409921199 2560164683
430165833 2409921199 896323916
430165833 2409921199 279713101
430165833 2409921199 502264147
430165833 2409921199 844722013
430165833 2409921199 863317860
430165833 2409921199 506007915
430165833 2409921199 1084659570
430165833 2409921199 2336190836
430165833 2409921199 727069046
430165833 2409921199 449098615
430165833 2409921199 65953149
430165833 2409921199 535787905
430165833 2409921199 566528902
430165833 2409921199 715981195
430165833 2409921199 436929932
430165833 2409921199 460736914
430165833 2409921199 550549910
430165833 2409921199 1488735649
430165833 2409921199 764281770
430165833 2409921199 435318717
430165833 2409921199 410258367
430165833 2409921199 620934082
430165833 2409921199 570256324
430165833 2409921199 43793862
430165833 2409921199 452719559
430165833 2409921199 41669073
430165833 2409921199 45912531
430165833 2409921199 547381212
430165833 2409921199 186716637
430165833 2409921199 137502177
430165833 2409921199 310953443
430165833 2409921199 617768433
430165833 2409921199 506023922
430165833 2409921199 269414392
838546968 27347296 84293891
838546968 27347296 378782606
838546968 27347296 357357585
838546968 27347296 497517080
838546968 27347296 375258650
838546968 27347296 356939550
838546968 27347296 360111263
838546968 27347296 285270432
838546968 27347296 378248737
838546968 27347296 824052642
838546968 27347296 128077092
838546968 27347296 543770793
838546968 27347296 259024554
838546968 27347296 904073772
838546968 27347296 310640433
838546968 27347296 376537523
838546968 27347296 212639646
838546968 27347296 551868601
838546968 27347296 610216251
838546968 27347296 570374716
838546968 27347296 1691997344
838546968 27347296 360199874
838546968 27347296 462544711
838546968 27347296 379881672
838546968 27347296 554567889
838546968 27347296 401442135
838546968 27347296 360220636
838546968 27347296 765870560
838546968 27347296 193483879
838546968 27347296 30163830
838546968 27347296 417554680
838546968 27347296 559872889
838546968 27347296 230318586
838546968 27347296 493159295
11554482 28631637 42704387
11554482 28631637 2686628156
11554482 28631637 160685341
11554482 28631637 29151815
579394937 1058761578 517910107
579394937 1058761578 598812451
579394937 1058761578 1140254340
579394937 1058761578 516078181
579394937 1058761578 564152614
579394937 1058761578 1117841480
579394937 1058761578 164923364
579394937 1058761578 1112219306
579394937 1058761578 1059087631
579394937 1058761578 549364099
579394937 1058761578 219838423
579394937 1058761578 1040460516
579394937 1058761578 2844271771
579394937 1058761578 441238940
579394937 1058761578 2560537482
2295892588 2774097167 377199941
2295892588 2774097167 384562092
2295892588 2774097167 1115598254
2295892588 2774097167 238909040
2295892588 2774097167 1370986902
2295892588 2774097167 1941309402
523539873 418803338 423887744
523539873 418803338 415201728
523539873 418803338 626036610
523539873 418803338 415246595
523539873 418803338 415594377
523539873 418803338 520578578
523539873 418803338 455813396
523539873 418803338 338075669
523539873 418803338 354063383
523539873 418803338 750560408
523539873 418803338 69075737
523539873 418803338 758147994
523539873 418803338 412786972
523539873 418803338 2915706526
523539873 418803338 415646751
523539873 418803338 593756067
523539873 418803338 33405004
523539873 418803338 415238577
523539873 418803338 800995892
523539873 418803338 2242675486
523539873 418803338 505271863
523539873 418803338 174050233
523539873 418803338 414338618
523539873 418803338 586893855
523539873 418803338 518144914
523539873 418803338 52992588
523539873 418803338 494490825
523539873 418803338 131635275
523539873 418803338 243400780
523539873 418803338 305278926
523539873 418803338 399739218
523539873 418803338 572752867
523539873 418803338 419732182
523539873 418803338 416737849
523539873 418803338 308068952
523539873 418803338 1118237659
523539873 418803338 383905757
523539873 418803338 43226720
523539873 418803338 570803297
523539873 418803338 416756963
523539873 418803338 405275751
523539873 418803338 415743591
523539873 418803338 416755949
523539873 418803338 558807406
523539873 418803338 376361457
523539873 418803338 355718005
523539873 418803338 415169275
470450388 870323894 736940546
470450388 870323894 460786694
470450388 870323894 443077131
470450388 870323894 875406356
470450388 870323894 1255519772
470450388 870323894 636446042
470450388 870323894 2261423649
470450388 870323894 1059232808
470450388 870323894 635823153
470450388 870323894 1559700018
470450388 870323894 936074803
470450388 870323894 1011951672
470450388 870323894 759563833
470450388 870323894 554851900
470450388 870323894 284631104
470450388 870323894 842746442
470450388 870323894 429042253
470450388 870323894 335594076
470450388 870323894 1198186080
470450388 870323894 1255643238
470450388 870323894 1959744103
470450388 870323894 705358955
470450388 870323894 1512080502
470450388 870323894 1023008887
470450388 870323894 1480482426
470450388 870323894 1110344828
470450388 870323894 756636288
470450388 870323894 2161489003
470450388 870323894 1228542600
470450388 870323894 926445709
470450388 870323894 635498126
470450388 870323894 542994064
470450388 870323894 633382547
470450388 870323894 2414277780
470450388 870323894 2704502941
470450388 870323894 484536990
470450388 870323894 1036332211
470450388 870323894 592229049
470450388 870323894 1885033674
470450388 870323894 38955720
470450388 870323894 785192137
470450388 870323894 1961749706
470450388 870323894 610426571
470450388 870323894 835543248
470450388 870323894 1049202385
470450388 870323894 703983314
470450388 870323894 1273580246
470450388 870323894 632544473
470450388 870323894 2487583354
470450388 870323894 854764256
470450388 870323894 1260573931
470450388 870323894 706086637
470450388 870323894 502311666
470450388 870323894 862337268
470450388 870323894 2452835573
470450388 870323894 577620218
470450388 870323894 2324064516
470450388 870323894 921883405
470450388 870323894 1582338318
470450388 870323894 1064503580
470450388 870323894 870960932
470450388 870323894 874521384
470450388 870323894 421879084
470450388 870323894 2269948717
470450388 870323894 2669137199
470450388 870323894 1062116659
470450388 870323894 757800757
470450388 870323894 178747189
470450388 870323894 1076737860
470450388 870323894 629752140
470450388 870323894 480854863
470450388 870323894 1110458712
470450388 870323894 750418266
470450388 870323894 1041310046
470450388 870323894 755678048
470450388 870323894 1069713776
470450388 870323894 524897142
470450388 870323894 867058555
470450388 870323894 1212932478
470450388 870323894 870961549
470450388 870323894 781678993
470450388 870323894 1639691826
470450388 870323894 543088020
470450388 870323894 993794454
470450388 870323894 790710684
470450388 870323894 629739955
470450388 870323894 928911284
470450388 870323894 554698685
470450388 870323894 902715326
470450388 870323894 122475455
470450388 870323894 622041741
470450388 870323894 797476297
470450388 870323894 525845452
470450388 870323894 925961677
470450388 870323894 2147847631
470450388 870323894 878738384
470450388 870323894 905136086
470450388 870323894 722465240
470450388 870323894 378902489
470450388 870323894 787667419
470450388 870323894 1311347707
2490949457 39165493 120924248
2490949457 39165493 29601300
2490949457 39165493 128968791
613572746 520822010 1666658816
613572746 520822010 2853990785
613572746 520822010 342207362
613572746 520822010 398872195
613572746 520822010 124885765
613572746 520822010 2772186375
613572746 520822010 2308834569
613572746 520822010 448708119
613572746 520822010 526708876
613572746 520822010 450019094
613572746 520822010 928830740
613572746 520822010 1284846230
613572746 520822010 898781401
613572746 520822010 1129631515
613572746 520822010 832354844
613572746 520822010 909260742
613572746 520822010 1576684070
613572746 520822010 2170237095
613572746 520822010 1261104043
613572746 520822010 1115598254
613572746 520822010 2468077335
613572746 520822010 718447032
613572746 520822010 527131581
613572746 520822010 1539079614
613572746 520822010 526603968
613572746 520822010 589471734
613572746 520822010 472290758
613572746 520822010 787569889
613572746 520822010 2323065033
613572746 520822010 866434508
613572746 520822010 2959684943
613572746 520822010 907084112
613572746 520822010 547163733
613572746 520822010 1122577369
613572746 520822010 501330782
613572746 520822010 355131216
613572746 520822010 142784865
613572746 520822010 351842402
613572746 520822010 47000551
613572746 520822010 534797800
613572746 520822010 1210473577
613572746 520822010 529050858
613572746 520822010 337839335
613572746 520822010 394450798
613572746 520822010 629851375
613572746 520822010 506762486
613572746 520822010 1032985080
613572746 520822010 2764447738
613572746 520822010 2382862333
362908024 236259337 454406529
362908024 236259337 338821506
362908024 236259337 348510086
362908024 236259337 325256897
362908024 236259337 961595528
362908024 236259337 355688236
362908024 236259337 274798551
362908024 236259337 245441154
362908024 236259337 374290960
362908024 236259337 331790872
362908024 236259337 407439891
362908024 236259337 300981322
362908024 236259337 45045013
362908024 236259337 49526539
362908024 236259337 238184215
362908024 236259337 2584903832
362908024 236259337 351889564
362908024 236259337 229702530
362908024 236259337 328743584
362908024 236259337 713644449
362908024 236259337 935903071
362908024 236259337 902928091
362908024 236259337 1549473572
362908024 236259337 320830248
362908024 236259337 487897898
362908024 236259337 440513549
362908024 236259337 803141384
362908024 236259337 194295087
362908024 236259337 2152791856
362908024 236259337 358972768
362908024 236259337 385056179
362908024 236259337 126768397
362908024 236259337 255050910
362908024 236259337 2678650189
362908024 236259337 342539451
362908024 236259337 385159868
362908024 236259337 2155267018
362908024 236259337 1051926078
362908024 236259337 410454335
362908024 236259337 401620491
362908024 236259337 319174849
362908024 236259337 399048642
362908024 236259337 427927619
362908024 236259337 456402425
362908024 236259337 448444382
362908024 236259337 391831626
362908024 236259337 2322457419
362908024 236259337 42140537
362908024 236259337 351319245
362908024 236259337 335721101
362908024 236259337 336900304
362908024 236259337 2741189074
362908024 236259337 24522712
362908024 236259337 439468373
362908024 236259337 307708546
362908024 236259337 256276567
362908024 236259337 348186575
362908024 236259337 393134427
362908024 236259337 369768796
362908024 236259337 331811165
362908024 236259337 2324839006
362908024 236259337 430349285
362908024 236259337 606653152
362908024 236259337 376504309
362908024 236259337 376599375
362908024 236259337 380679651
362908024 236259337 292706788
362908024 236259337 384869344
362908024 236259337 32263015
362908024 236259337 385199640
362908024 236259337 291417703
362908024 236259337 333176791
362908024 236259337 350607853
362908024 236259337 620644463
362908024 236259337 383954645
362908024 236259337 370799987
362908024 236259337 384481397
362908024 236259337 464090315
362908024 236259337 327147210
362908024 236259337 35496441
362908024 236259337 374030715
362908024 236259337 382221181
362908024 236259337 619129599
480828212 1866103183 517996930
480828212 1866103183 2992176131
480828212 1866103183 314687376
480828212 1866103183 320589202
480828212 1866103183 2399677715
480828212 1866103183 976308373
480828212 1866103183 364061206
480828212 1866103183 118532518
480828212 1866103183 463057066
480828212 1866103183 826467518
480828212 1866103183 799520450
480828212 1866103183 1628542152
480828212 1866103183 1514080592
480828212 1866103183 27729016
480828212 1866103183 248966226
480828212 1866103183 1297229780
480828212 1866103183 572598621
480828212 1866103183 325294047
480828212 1866103183 1031113188
480828212 1866103183 102604136
480828212 1866103183 397031920
480828212 1866103183 573893105
480828212 1866103183 481662712
480828212 1866103183 347642364
24013474 75356276 41515906
24013474 75356276 175161093
24013474 75356276 906114440
24013474 75356276 36916887
24013474 75356276 1499026446
24013474 75356276 1849116434
24013474 75356276 78934295
24013474 75356276 364260508
24013474 75356276 481476058
24013474 75356276 181865840
24013474 75356276 15146402
24013474 75356276 2163401389
24013474 75356276 213172654
24013474 75356276 18512945
24013474 75356276 902284855
24013474 75356276 298399162
24013474 75356276 1050373436
24013474 75356276 1455012414
24013474 75356276 40927935
24013474 75356276 71589058
24013474 75356276 367871815
24013474 75356276 2850371916
24013474 75356276 898815818
24013474 75356276 2436167479
24013474 75356276 27978188
24013474 75356276 536868045
24013474 75356276 1072447184
24013474 75356276 90627025
24013474 75356276 95800666
24013474 75356276 1643321820
24013474 75356276 853077090
24013474 75356276 529768429
24013474 75356276 37372143
24013474 75356276 101806448
24013474 75356276 1671676146
24013474 75356276 1459676408
24013474 75356276 1265393791
2766044225 1038564589 191677890
2766044225 1038564589 1152892278
1584875376 84731418 54311808
1584875376 84731418 820238852
1584875376 84731418 2206579463
1584875376 84731418 2806062764
1584875376 84731418 2204657295
1584875376 84731418 30042259
1584875376 84731418 860513173
1584875376 84731418 2869529112
1584875376 84731418 603183771
1584875376 84731418 1056574364
1584875376 84731418 3065071521
1584875376 84731418 167747362
1584875376 84731418 542993703
1584875376 84731418 3058278185
1584875376 84731418 345425707
1584875376 84731418 280165036
1584875376 84731418 360291758
1584875376 84731418 2715151861
1584875376 84731418 1275901892
1584875376 84731418 238750030
1584875376 84731418 35205968
1584875376 84731418 445870236
1584875376 84731418 273192537
1584875376 84731418 495477072
1584875376 84731418 1564521842
1584875376 84731418 838084981
1584875376 84731418 1641778681
1584875376 84731418 2301900949
35834072 38467384 752171216
35834072 38467384 724584410
35834072 38467384 47263943
35834072 38467384 565008459
35834072 38467384 779140812
35834072 38467384 34455054
35834072 38467384 263812624
35834072 38467384 556067666
35834072 38467384 70280846
35834072 38467384 486870999
35834072 38467384 88739290
35834072 38467384 114026463
35834072 38467384 30583536
35834072 38467384 389006301
35834072 38467384 56401695
2232387650 446691061 83049224
2232387650 446691061 510882732
2232387650 446691061 1016422922
2232387650 446691061 1317206286
2232387650 446691061 158633495
2232387650 446691061 418780440
2232387650 446691061 765177541
2232387650 446691061 357752225
2232387650 446691061 298733346
2232387650 446691061 1087535012
2232387650 446691061 284882396
2232387650 446691061 559887276
2232387650 446691061 2237532461
2232387650 446691061 961695709
2232387650 446691061 1165999664
2232387650 446691061 1252995380
2232387650 446691061 618447029
2232387650 446691061 1365884726
2232387650 446691061 365694136
2232387650 446691061 489016768
2232387650 446691061 1170332100
2232387650 446691061 311115333
2232387650 446691061 356605896
2232387650 446691061 364434508
2232387650 446691061 602905291
2232387650 446691061 794272716
2232387650 446691061 545735504
2232387650 446691061 2245826770
2232387650 446691061 459741651
2232387650 446691061 1333122649
2232387650 446691061 824073308
2232387650 446691061 302270557
2232387650 446691061 228073954
2232387650 446691061 516020203
2232387650 446691061 719699801
2232387650 446691061 945067890
2232387650 446691061 331901556
2232387650 446691061 468631799
52594985 1534454587 267557635
52594985 1534454587 248817704
52594985 1534454587 329331562
52594985 1534454587 234229091
52594985 1534454587 289033710
52594985 1534454587 229560328
52594985 1534454587 213979603
52594985 1534454587 181213166
52594985 1534454587 320306635
52594985 1534454587 42480383
613572746 304065364 473616769
613572746 304065364 1261104043
613572746 304065364 506770693
613572746 304065364 352618886
613572746 304065364 352497031
613572746 304065364 31479945
613572746 304065364 473428887
613572746 304065364 358779404
613572746 304065364 490546189
613572746 304065364 297557134
613572746 304065364 502243006
613572746 304065364 799694611
613572746 304065364 423877140
613572746 304065364 1284846230
613572746 304065364 464298647
613572746 304065364 604125057
613572746 304065364 480023194
613572746 304065364 1637162863
613572746 304065364 349798174
613572746 304065364 446829727
613572746 304065364 493549728
613572746 304065364 3068097059
613572746 304065364 473595812
613572746 304065364 783535525
613572746 304065364 331210161
613572746 304065364 257946920
613572746 304065364 142076203
613572746 304065364 449602348
613572746 304065364 1084596013
613572746 304065364 1115598254
613572746 304065364 2334771887
613572746 304065364 1064600264
613572746 304065364 2843741619
613572746 304065364 1623897654
613572746 304065364 593230394
613572746 304065364 1695717066
613572746 304065364 1539079614
613572746 304065364 1068282613
613572746 304065364 417662402
613572746 304065364 2570083396
613572746 304065364 475597000
613572746 304065364 787651146
613572746 304065364 1667473998
613572746 304065364 983820751
613572746 304065364 355131216
613572746 304065364 104270968
613572746 304065364 574885330
613572746 304065364 925719763
613572746 304065364 547163733
613572746 304065364 448708119
613572746 304065364 180596311
613572746 304065364 362827736
613572746 304065364 898781401
613572746 304065364 543023834
613572746 304065364 43462511
613572746 304065364 295266211
613572746 304065364 435222622
613572746 304065364 711963104
613572746 304065364 142784865
613572746 304065364 633044454
613572746 304065364 500846033
613572746 304065364 346843881
613572746 304065364 58347882
613572746 304065364 2156419563
613572746 304065364 962518638
613572746 304065364 152353647
613572746 304065364 231618677
613572746 304065364 506762486
613572746 304065364 770713976
613572746 304065364 715142522
613572746 304065364 529050858
61859956 2653409590 2307936641
61859956 2653409590 1014432517
61859956 2653409590 1198156044
61859956 2653409590 498139918
61859956 2653409590 2223974032
61859956 2653409590 257276177
61859956 2653409590 466139543
61859956 2653409590 935883546
61859956 2653409590 1597444830
61859956 2653409590 91919909
61859956 2653409590 2202637606
61859956 2653409590 2479110827
61859956 2653409590 3047702197
61859956 2653409590 296577212
61859956 2653409590 467815052
61859956 2653409590 720538956
61859956 2653409590 411154004
61859956 2653409590 2448192725
61859956 2653409590 2292613593
61859956 2653409590 1033416284
61859956 2653409590 1534837598
61859956 2653409590 2902933101
61859956 2653409590 476981231
61859956 2653409590 1046143866
61859956 2653409590 90739452
191567917 392959733 74186371
191567917 392959733 2204238294
191567917 392959733 76606858
191567917 392959733 130383755
191567917 392959733 2852299532
191567917 392959733 2572259341
191567917 392959733 1610484624
191567917 392959733 27073681
191567917 392959733 2214273170
191567917 392959733 2162172565
191567917 392959733 127059178
191567917 392959733 191957534
191567917 392959733 494470066
191567917 392959733 257263522
191567917 392959733 27930659
191567917 392959733 119111336
191567917 392959733 41127772
191567917 392959733 75858610
191567917 392959733 29660848
191567917 392959733 956087858
191567917 392959733 20045107
191567917 392959733 20751006
191567917 392959733 1974749239
191567917 392959733 2161064761
191567917 392959733 752761530
191567917 392959733 17625147
191567917 392959733 72078908
191567917 392959733 271117621
191567917 392959733 1627636034
191567917 392959733 194254532
191567917 392959733 609798902
191567917 392959733 316136649
191567917 392959733 744835658
191567917 392959733 25480525
191567917 392959733 531842254
191567917 392959733 2562568017
191567917 392959733 2164233938
191567917 392959733 575334115
191567917 392959733 1967116500
191567917 392959733 84685398
191567917 392959733 15652824
191567917 392959733 18719963
191567917 392959733 711102556
191567917 392959733 82218170
191567917 392959733 2152801789
191567917 392959733 4341601
191567917 392959733 1972850658
191567917 392959733 79538403
191567917 392959733 16860648
191567917 392959733 2974914282
191567917 392959733 275141739
191567917 392959733 1215373038
191567917 392959733 2405196029
191567917 392959733 268776948
191567917 392959733 30420469
191567917 392959733 1252809846
191567917 392959733 25286008
191567917 392959733 55575039
191567917 392959733 587145450
191567917 392959733 225225365
27347296 821982482 16651784
27347296 821982482 256729520
27347296 821982482 269122042
27347296 821982482 339504540
27347296 821982482 2769514053
318159249 266752871 137194112
318159249 266752871 53229184
318159249 266752871 349986580
318159249 266752871 275318820
318159249 266752871 2152090671
318159249 266752871 498169780
318159249 266752871 473481270
318159249 266752871 235304634
318159249 266752871 358339777
318159249 266752871 970065486
318159249 266752871 95583188
318159249 266752871 606722135
318159249 266752871 290318552
318159249 266752871 44278361
318159249 266752871 318531170
318159249 266752871 875536123
318159249 266752871 73759845
318159249 266752871 363452394
318159249 266752871 89460075
318159249 266752871 437787512
318159249 266752871 2434675707
318159249 266752871 143203562
318159249 266752871 277021183
27347296 1134852266 825625861
27347296 1134852266 3081303703
27347296 1134852266 454234645
27347296 1134852266 395018519
27347296 1134852266 457552545
27347296 1134852266 101958180
27347296 1134852266 276261031
27347296 1134852266 256729520
27347296 1134852266 725001672
27347296 1134852266 178179510
27347296 1134852266 430009399
27347296 1134852266 580145083
27347296 1134852266 348284221
27347296 1134852266 480701122
27347296 1134852266 1975527368
27347296 1134852266 2973605668
27347296 1134852266 490744927
27347296 1134852266 34617830
27347296 1134852266 356286699
27347296 1134852266 515432815
27347296 1134852266 459870577
27347296 1134852266 495414643
27347296 1134852266 445933045
27347296 1134852266 1904443129
27347296 1134852266 87585275
27347296 1134852266 406682749
69178632 216915562 346332418
69178632 216915562 48763478
69178632 216915562 190741254
69178632 216915562 1232943752
69178632 216915562 439726858
69178632 216915562 405682063
69178632 216915562 2828543897
69178632 216915562 409576866
69178632 216915562 385672108
69178632 216915562 536561595
69178632 216915562 412749244
69178632 216915562 404783422
69178632 216915562 390169670
69178632 216915562 851513544
69178632 216915562 186683212
69178632 216915562 30478670
69178632 216915562 114752085
69178632 216915562 543035094
69178632 216915562 457093338
69178632 216915562 2848909920
69178632 216915562 2397503585
69178632 216915562 2207489764
69178632 216915562 342686952
69178632 216915562 530894701
69178632 216915562 614679920
69178632 216915562 365874673
69178632 216915562 446556793
41829451 131709086 63819713
41829451 131709086 323003779
41829451 131709086 142408333
41829451 131709086 62478803
41829451 131709086 212601197
41829451 131709086 185936755
41829451 131709086 68458648
41829451 131709086 254204761
41829451 131709086 37512762
399458716 1975716493 521664778
2289068064 1258283976 380299008
2289068064 1258283976 451669892
2289068064 1258283976 124885765
2289068064 1258283976 328092681
2289068064 1258283976 387812109
2289068064 1258283976 1291431566
2289068064 1258283976 340422671
2289068064 1258283976 617620115
2289068064 1258283976 547209748
2289068064 1258283976 623882774
2289068064 1258283976 1656692012
2289068064 1258283976 477253912
2289068064 1258283976 772733210
2289068064 1258283976 914862108
2289068064 1258283976 136143130
2289068064 1258283976 495466142
2289068064 1258283976 1255421856
2289068064 1258283976 3068592987
2289068064 1258283976 2342430117
2289068064 1258283976 1581777062
2289068064 1258283976 2774033448
2289068064 1258283976 1029559850
2289068064 1258283976 184975020
2289068064 1258283976 36977197
2289068064 1258283976 327715731
2289068064 1258283976 378200627
2289068064 1258283976 603389214
2289068064 1258283976 2230113718
2289068064 1258283976 500272570
2289068064 1258283976 526987103
2289068064 1258283976 1051302973
2289068064 1258283976 495477822
2289068064 1258283976 2782024769
2289068064 1258283976 507958212
2289068064 1258283976 479001014
2289068064 1258283976 594837932
2289068064 1258283976 346928714
2289068064 1258283976 2169422800
2289068064 1258283976 355204945
2289068064 1258283976 436099543
2289068064 1258283976 2601794266
2289068064 1258283976 511319567
2289068064 1258283976 575733861
2289068064 1258283976 368131426
2289068064 1258283976 1710489060
2289068064 1258283976 348107365
2289068064 1258283976 350948455
2289068064 1258283976 534797800
2289068064 1258283976 2262025706
2289068064 1258283976 419605875
2289068064 1258283976 840888300
2289068064 1258283976 395604845
2289068064 1258283976 288244669
2289068064 1258283976 1237390099
2289068064 1258283976 352070956
2289068064 1258283976 1838580030
2289068064 1258283976 1201824554
2289068064 1258283976 532325477
506505588 2409921199 293712481
506505588 2409921199 516025698
506505588 2409921199 870472068
506505588 2409921199 509107525
506505588 2409921199 28414152
506505588 2409921199 170930826
506505588 2409921199 374135598
506505588 2409921199 118549928
506505588 2409921199 436169813
506505588 2409921199 61653114
506505588 2409921199 834312606
506505588 2409921199 112101797
488032805 19881311 582525984
488032805 19881311 367610891
488032805 19881311 35211557
488032805 19881311 358142507
488032805 19881311 563393239
488032805 19881311 1099544911
488032805 19881311 68457008
488032805 19881311 511337266
488032805 19881311 610943863
488032805 19881311 512705044
488032805 19881311 211957109
488032805 19881311 522656150
488032805 19881311 372617751
488032805 19881311 385632826
488032805 19881311 1037754846
488032805 19881311 512331551
1912146536 287730314 63819713
1912146536 287730314 1539297156
1912146536 287730314 241605608
1912146536 287730314 243698505
1912146536 287730314 206793231
1912146536 287730314 504848625
1912146536 287730314 1429030141
1912146536 287730314 467946101
1912146536 287730314 1611559992
1912146536 287730314 59291194
1912146536 287730314 117627763
1912146536 287730314 596916861
1912146536 287730314 287454650
597879076 1334384900 458714880
597879076 1334384900 630840838
597879076 1334384900 600691721
597879076 1334384900 490034861
597879076 1334384900 2959207856
597879076 1334384900 322430638
597879076 1334384900 953928224
597879076 1334384900 2208303137
597879076 1334384900 1027669027
597879076 1334384900 760772647
597879076 1334384900 319343658
597879076 1334384900 1353102379
597879076 1334384900 505281581
597879076 1334384900 497708594
597879076 1334384900 132406324
597879076 1334384900 2956826679
597879076 1334384900 710481080
597879076 1334384900 940186177
597879076 1334384900 2949481539
597879076 1334384900 1627098180
597879076 1334384900 419584780
597879076 1334384900 953741383
597879076 1334384900 527813705
597879076 1334384900 345561169
597879076 1334384900 412393560
597879076 1334384900 2264809568
597879076 1334384900 775933034
597879076 1334384900 528961137
597879076 1334384900 2293081202
597879076 1334384900 606002707
597879076 1334384900 733994612
597879076 1334384900 138532981
597879076 1334384900 1232801910
597879076 1334384900 711621752
597879076 1334384900 963151484
597879076 1334384900 522771582
597879076 1334384900 701944962
597879076 1334384900 757500547
597879076 1334384900 1714200708
597879076 1334384900 583728679
597879076 1334384900 630364825
597879076 1334384900 470848667
597879076 1334384900 434060997
597879076 1334384900 531754147
597879076 1334384900 513276614
597879076 1334384900 324609649
597879076 1334384900 577551020
597879076 1334384900 339273901
597879076 1334384900 460511406
597879076 1334384900 525474371
597879076 1334384900 762176184
597879076 1334384900 806034618
597879076 1334384900 2470596389
597879076 1334384900 2864905479
597879076 1334384900 561528005
597879076 1334384900 2839677638
597879076 1334384900 460445906
597879076 1334384900 734422051
597879076 1334384900 312919765
597879076 1334384900 622119639
597879076 1334384900 2959282393
597879076 1334384900 592357594
597879076 1334384900 452388571
597879076 1334384900 508009183
597879076 1334384900 430840544
597879076 1334384900 575838436
597879076 1334384900 401798886
597879076 1334384900 523833895
597879076 1334384900 446829778
597879076 1334384900 552228648
597879076 1334384900 29889778
597879076 1334384900 754428150
597879076 1334384900 349891837
597879076 1334384900 1247150336
597879076 1334384900 1099343106
597879076 1334384900 588581639
597879076 1334384900 766075656
597879076 1334384900 422125833
597879076 1334384900 342988556
597879076 1334384900 513374990
597879076 1334384900 439811344
597879076 1334384900 519551252
597879076 1334384900 624231190
597879076 1334384900 588572804
597879076 1334384900 377970394
597879076 1334384900 1126899998
597879076 1334384900 417329442
597879076 1334384900 239941925
597879076 1334384900 1129703720
597879076 1334384900 2771935019
597879076 1334384900 434591033
597879076 1334384900 1325785914
597879076 1334384900 219349821
597879076 1334384900 405785406
597879076 1334384900 297099583
597879076 1334384900 970503498
597879076 1334384900 121325902
597879076 1334384900 386954068
597879076 1334384900 1043130198
597879076 1334384900 190638943
597879076 1334384900 1158672229
597879076 1334384900 429454698
597879076 1334384900 520107371
597879076 1334384900 1576514412
597879076 1334384900 503059823
597879076 1334384900 603104632
597879076 1334384900 428466043
597879076 1334384900 313660811
597879076 1334384900 519623053
597879076 1334384900 1388034446
597879076 1334384900 523863441
597879076 1334384900 1235932051
597879076 1334384900 589566359
597879076 1334384900 69732260
597879076 1334384900 301159927
597879076 1334384900 304049071
597879076 1334384900 617700784
597879076 1334384900 100429242
597879076 1334384900 565755837
597879076 1334384900 578121152
597879076 1334384900 593073094
597879076 1334384900 428624331
597879076 1334384900 93029343
597879076 1334384900 438986721
597879076 1334384900 3105319906
597879076 1334384900 345096679
597879076 1334384900 576481191
597879076 1334384900 417502191
597879076 1334384900 623343088
597879076 1334384900 345559028
597879076 1334384900 434570231
597879076 1334384900 468904442
109062362 27970716 801197864
109062362 27970716 30689132
109062362 27970716 101606511
109062362 27970716 257556019
109062362 27970716 94742388
109062362 27970716 85945048
847572793 373674498 347511808
847572793 373674498 97102337
847572793 373674498 899864066
847572793 373674498 1447615495
847572793 373674498 327131656
847572793 373674498 3025251346
847572793 373674498 514779158
847572793 373674498 388509207
847572793 373674498 455450143
847572793 373674498 185290277
847572793 373674498 301078057
847572793 373674498 405798456
847572793 373674498 547795514
847572793 373674498 979630140
847572793 373674498 2182380298
847572793 373674498 419222084
847572793 373674498 392966726
847572793 373674498 219850829
847572793 373674498 369770582
847572793 373674498 275254876
847572793 373674498 563206752
847572793 373674498 2381281916
847572793 373674498 333132902
847572793 373674498 447638120
847572793 373674498 329828971
847572793 373674498 331433068
847572793 373674498 1183713901
847572793 373674498 794125939
847572793 373674498 279695479
847572793 373674498 70864508
847572793 373674498 469355135
847572793 373674498 3027158656
847572793 373674498 822225542
847572793 373674498 2770265223
847572793 373674498 542075532
847572793 373674498 251923090
847572793 373674498 475907223
847572793 373674498 402761882
847572793 373674498 1050873506
847572793 373674498 184775845
847572793 373674498 3178544296
847572793 373674498 204566185
847572793 373674498 1239360684
847572793 373674498 2306334381
847572793 373674498 80894638
847572793 373674498 853433010
847572793 373674498 297489353
847572793 373674498 282844347
847572793 373674498 371244737
847572793 373674498 199533766
847572793 373674498 1070053063
847572793 373674498 502576329
847572793 373674498 2796375252
847572793 373674498 322287327
847572793 373674498 406583522
847572793 373674498 970499815
847572793 373674498 421543145
847572793 373674498 32764138
847572793 373674498 2438130927
847572793 373674498 517014057
847572793 373674498 232696063
847572793 373674498 171216128
847572793 373674498 439502596
847572793 373674498 378770698
847572793 373674498 516144396
847572793 373674498 1707970320
847572793 373674498 251917587
847572793 373674498 1703682841
847572793 373674498 1397893404
847572793 373674498 356722462
847572793 373674498 465992998
847572793 373674498 249470766
847572793 373674498 476215089
847572793 373674498 1730677554
847572793 373674498 3035364663
847572793 373674498 2987318073
847572793 373674498 260521794
847572793 373674498 329777479
847572793 373674498 74020322
847572793 373674498 192646479
847572793 373674498 326458707
847572793 373674498 1646697313
847572793 373674498 375399268
847572793 373674498 2167385451
847572793 373674498 944465774
847572793 373674498 223712829
847572793 373674498 126826868
847572793 373674498 541373817
847572793 373674498 195386746
847572793 373674498 462409450
847572793 373674498 519013760
847572793 373674498 262441858
847572793 373674498 376507270
847572793 373674498 2211482001
847572793 373674498 102469013
847572793 373674498 2689794969
847572793 373674498 128885402
847572793 373674498 162395551
847572793 373674498 286487459
847572793 373674498 229978023
847572793 373674498 2178186567
847572793 373674498 795070405
847572793 373674498 263991241
847572793 373674498 88763344
847572793 373674498 149961177
847572793 373674498 802875362
847572793 373674498 587684327
847572793 373674498 835631592
847572793 373674498 315527663
847572793 373674498 447576560
847572793 373674498 2959482357
847572793 373674498 311995902
70533195 185091406 321525761
70533195 185091406 21499906
70533195 185091406 406487433
70533195 185091406 504778643
70533195 185091406 332394394
70533195 185091406 2389867938
70533195 185091406 381282595
70533195 185091406 386262309
70533195 185091406 806857638
70533195 185091406 325838892
70533195 185091406 1212383791
70533195 185091406 486907187
70533195 185091406 270712713
70533195 185091406 2305656764
70533195 185091406 361600183
70533195 185091406 320855886
70533195 185091406 403900111
70533195 185091406 134345685
70533195 185091406 242534363
70533195 185091406 288563813
70533195 185091406 410997052
70533195 185091406 339221231
70533195 185091406 352701306
70533195 185091406 464364540
541178538 2684053606 2334711940
541178538 2684053606 2193218949
541178538 2684053606 2904393479
541178538 2684053606 1223452140
541178538 2684053606 1222199053
541178538 2684053606 1921834255
541178538 2684053606 1104912144
541178538 2684053606 2857454610
541178538 2684053606 70744964
541178538 2684053606 1470548118
541178538 2684053606 1481209782
541178538 2684053606 627021977
541178538 2684053606 341018778
541178538 2684053606 237946397
541178538 2684053606 633563679
541178538 2684053606 235638433
541178538 2684053606 621347491
541178538 2684053606 789861446
541178538 2684053606 348273575
541178538 2684053606 1367101226
541178538 2684053606 526967851
541178538 2684053606 2342806446
541178538 2684053606 981567024
541178538 2684053606 58802625
541178538 2684053606 1099776180
541178538 2684053606 1031905974
541178538 2684053606 1095033019
541178538 2684053606 2318210238
541178538 2684053606 940336831
541178538 2684053606 1027753434
541178538 2684053606 619109441
541178538 2684053606 417829955
541178538 2684053606 2337696950
541178538 2684053606 1140894278
541178538 2684053606 980633928
541178538 2684053606 2372344635
541178538 2684053606 1556665039
541178538 2684053606 518885201
541178538 2684053606 2768336995
541178538 2684053606 1097098452
541178538 2684053606 500964440
541178538 2684053606 2181020506
541178538 2684053606 431230306
541178538 2684053606 504875619
541178538 2684053606 132286436
541178538 2684053606 3055714149
541178538 2684053606 2410228841
541178538 2684053606 622946666
541178538 2684053606 720816483
541178538 2684053606 2379617900
541178538 2684053606 811288045
541178538 2684053606 532707950
541178538 2684053606 2685884274
541178538 2684053606 551530750
541178538 2684053606 1110200438
541178538 2684053606 724583455
541178538 2684053606 867167227
541178538 2684053606 818476285
541178538 2684053606 1325950718
2289068064 1032091164 380299008
2289068064 1032091164 437942273
2289068064 1032091164 887889936
2289068064 1032091164 288979730
2289068064 1032091164 39567894
2289068064 1032091164 626120861
2289068064 1032091164 2319414302
2289068064 1032091164 348652869
2289068064 1032091164 372267172
2289068064 1032091164 1581777062
2289068064 1032091164 208182951
2289068064 1032091164 466973736
2289068064 1032091164 64594346
2289068064 1032091164 178211504
2289068064 1032091164 378200627
2289068064 1032091164 356306718
2289068064 1032091164 472670392
2289068064 1032091164 354417978
2289068064 1032091164 2767105211
2289068064 1032091164 1720631484
2289068064 1032091164 1635904063
2289068064 1032091164 1378447040
2289068064 1032091164 1206318277
2289068064 1032091164 289070158
2289068064 1032091164 455299920
2289068064 1032091164 1004610517
2289068064 1032091164 97955542
2289068064 1032091164 1710489060
2289068064 1032091164 526987103
2289068064 1032091164 409283131
2289068064 1032091164 2324932196
2289068064 1032091164 415303017
2289068064 1032091164 364575595
2289068064 1032091164 112763631
2289068064 1032091164 2774033448
2289068064 1032091164 1205765114
2289068064 1032091164 188445695
