470450388 870323894
11554482 28631637
1063964017 258957310
84731418 1584875376
418803338 523539873
506505588 2409921199
191567917 392959733
2490949457 39165493
38467384 35834072
16078257 27970716
40378935 768380431
70533195 185091406
2232387650 446691061
480828212 286714608
109062362 27970716
2295892588 2774097167
131709086 41829451
381532375 387949689
1912146536 287730314
1387582820 1334384900
464316103 470649270
2289068064 1258283976
2684053606 541178538
380934353 168532085
371957360 435036044
504220475 57707109
1975716493 399458716
1534454587 52594985
1032091164 2289068064
487843108 776977777
27347296 838546968
75356276 24013474
499086313 387949689
446703936 488032805
373674498 847572793
119898851 137131427
613572746 520822010
821982482 27347296
1058761578 579394937
204505963 702174332
433807489 770639552
236259337 362908024
19881311 488032805
149730039 397386925
216915562 69178632
318159249 266752871
430165833 2409921199
597879076 1334384900
415030595 597851555
304065364 613572746
593259038 216915562
1866103183 480828212
129085068 541379799
1134852266 27347296
